[gd_scene load_steps=25 format=3 uid="uid://suvieum7u242"]

[ext_resource type="PackedScene" uid="uid://bs72ogkvdd7d6" path="res://addons/proto_controller/proto_controller.tscn" id="1_6qbpe"]
[ext_resource type="Script" uid="uid://dbkjpwt2advv1" path="res://scenes/audio_stream_player.gd" id="2_yblv8"]
[ext_resource type="PackedScene" uid="uid://ccjxn54beod75" path="res://assets/guns/AssaultRifle_02.glb" id="3_3x45c"]
[ext_resource type="PackedScene" uid="uid://6ojxs7hdorli" path="res://assets/guns/AssaultRifle_01.glb" id="4_ihmcd"]
[ext_resource type="PackedScene" uid="uid://coap1opori81g" path="res://assets/guns/Shotgun_01.glb" id="5_nd44g"]
[ext_resource type="PackedScene" uid="uid://cwd1cmm4g2lkq" path="res://assets/guns/SubmachineGun_02.glb" id="6_1h140"]
[ext_resource type="PackedScene" uid="uid://qrl348nivro4" path="res://assets/guns/AssaultRifleAmmo_Box.glb" id="7_7tuds"]

[sub_resource type="ProceduralSkyMaterial" id="ProceduralSkyMaterial_ig7tw"]
sky_horizon_color = Color(0.66224277, 0.6717428, 0.6867428, 1)
ground_horizon_color = Color(0.66224277, 0.6717428, 0.6867428, 1)

[sub_resource type="Sky" id="Sky_0xm2m"]
sky_material = SubResource("ProceduralSkyMaterial_ig7tw")

[sub_resource type="Environment" id="Environment_h2yge"]
background_mode = 2
sky = SubResource("Sky_0xm2m")
tonemap_mode = 2

[sub_resource type="StandardMaterial3D" id="StandardMaterial3D_ig7tw"]
albedo_color = Color(1, 0.3019608, 0.3019608, 1)

[sub_resource type="StandardMaterial3D" id="StandardMaterial3D_0xm2m"]
albedo_color = Color(0.9584151, 0.66377854, 0.4132796, 1)

[sub_resource type="ORMMaterial3D" id="ORMMaterial3D_ig7tw"]

[sub_resource type="ORMMaterial3D" id="ORMMaterial3D_0xm2m"]
albedo_color = Color(0.6271387, 0.34728017, 0.0012234837, 1)

[sub_resource type="ORMMaterial3D" id="ORMMaterial3D_h2yge"]
albedo_color = Color(1, 1, 0.56078434, 1)

[sub_resource type="ORMMaterial3D" id="ORMMaterial3D_1bvp3"]
albedo_color = Color(0.627451, 0.34901962, 0, 1)

[sub_resource type="ORMMaterial3D" id="ORMMaterial3D_lquwl"]
albedo_color = Color(1, 1, 0.56078434, 1)

[sub_resource type="ORMMaterial3D" id="ORMMaterial3D_7mycd"]
albedo_color = Color(0.83275986, 0.4289972, 5.7756904e-07, 1)

[sub_resource type="ORMMaterial3D" id="ORMMaterial3D_272bh"]
albedo_color = Color(0.68235296, 0.4392157, 0, 1)

[sub_resource type="ORMMaterial3D" id="ORMMaterial3D_5vw27"]
albedo_color = Color(0.38039216, 0.38039216, 0.38039216, 1)

[sub_resource type="ORMMaterial3D" id="ORMMaterial3D_kek77"]
albedo_color = Color(0.12156863, 0.12156863, 0.12156863, 1)

[sub_resource type="ORMMaterial3D" id="ORMMaterial3D_4c57u"]
albedo_color = Color(0.12225228, 0.12225222, 0.12225225, 1)

[sub_resource type="ORMMaterial3D" id="ORMMaterial3D_efxa6"]
albedo_color = Color(0.47058824, 0.47058824, 0.47058824, 1)

[sub_resource type="ORMMaterial3D" id="ORMMaterial3D_dg77c"]
albedo_color = Color(0.8665466, 0.680986, 0.2236166, 1)
emission_enabled = true
emission = Color(0.79442734, 0.6100152, 0, 1)

[node name="main" type="Node3D"]

[node name="WorldEnvironment" type="WorldEnvironment" parent="."]
environment = SubResource("Environment_h2yge")

[node name="ProtoController" parent="." instance=ExtResource("1_6qbpe")]
transform = Transform3D(2.3000002, 0, 0, 0, 2.1120002, 0, 0, 0, 2.8000002, -1.2, -0.4, -3.3)
floor_constant_speed = true
floor_max_angle = 0.88313663
look_speed = 0.001
base_speed = 20.0
jump_velocity = 5.0
sprint_speed = 25.0

[node name="CSGCombiner3D" type="CSGCombiner3D" parent="."]
transform = Transform3D(1, 0, 0, 0, 1, 0, 0, 0, 1, -1.2, -0.4, -3.3)
use_collision = true

[node name="mainWall" type="CSGBox3D" parent="CSGCombiner3D"]
transform = Transform3D(1, 0, 0, 0, 1, 0, 0, 0, 1, 2.749999, 5.35, -14.2)
size = Vector3(61.9, 10.900001, 1)
material = SubResource("StandardMaterial3D_ig7tw")

[node name="CSGCylinder3D" type="CSGCylinder3D" parent="CSGCombiner3D/mainWall"]
transform = Transform3D(2.0570002, 0, 0, 0, -5.289078e-08, -3.40736, 0, 1.21, -1.4894046e-07, -1.3000001, -2.8000002, 0.049999237)
operation = 2
radius = 1.6
height = 1.7
sides = 32

[node name="CSGCylinder3D2" type="CSGCylinder3D" parent="CSGCombiner3D/mainWall"]
transform = Transform3D(2.0385346, -0.16176754, 1.9912179e-08, 0, -5.2890787e-08, -3.4073606, 0.2750048, 1.1991379, -1.4760342e-07, 9.299999, -2.8000002, -0.0015068054)
operation = 2
radius = 1.7543945
height = 1.7
sides = 32

[node name="CSGCylinder3D3" type="CSGCylinder3D" parent="CSGCombiner3D/mainWall"]
transform = Transform3D(2.033754, 0.1813972, -2.2328415e-08, 0, -5.2890783e-08, -3.4073603, -0.30837515, 1.1963258, -1.4725725e-07, -11.299999, -2.8000002, -0.05441475)
operation = 2
radius = 1.6171875
height = 1.7
sides = 32

[node name="Floor" type="CSGBox3D" parent="CSGCombiner3D"]
transform = Transform3D(1, 0, 0, 0, 1, 0, 0, 0, 1, 34.850002, -0.049999923, -32.981873)
use_collision = true
size = Vector3(126.5, 0.5, 88.83626)
material = SubResource("StandardMaterial3D_0xm2m")

[node name="leftWall" type="CSGBox3D" parent="CSGCombiner3D"]
transform = Transform3D(-4.371139e-08, -1, 0, 1, -4.371139e-08, 0, 0, 0, 1, -28.400002, 5.3999996, -33.177395)
use_collision = true
size = Vector3(10.900001, 0.5, 89.14522)

[node name="CSGBox3D" type="CSGBox3D" parent="CSGCombiner3D/leftWall"]
transform = Transform3D(1, 0, 0, 0, 1, 0, 0, 0, 1, -1.3157079, -0.22789383, 32.97323)
operation = 2
size = Vector3(3.6314087, 1.164917, 2.4884949)

[node name="CSGBox3D2" type="CSGBox3D" parent="CSGCombiner3D/leftWall"]
transform = Transform3D(1, 0, 0, 0, 1, 0, 0, 0, 1, -1.3157084, -0.22789383, 0.7447891)
operation = 2
size = Vector3(3.6314087, 1.164917, 2.4884949)

[node name="outsideWall" type="CSGBox3D" parent="CSGCombiner3D"]
transform = Transform3D(-4.371139e-08, -1, 0, 1, -4.371139e-08, 0, 0, 0, 1, 49.800007, 5.3999987, -33.184963)
use_collision = true
size = Vector3(10.7, 0.6, 89.13008)

[node name="CSGBox3D6" type="CSGBox3D" parent="CSGCombiner3D/outsideWall"]
transform = Transform3D(-4.371139e-08, 1, 0, -1, -4.371139e-08, 0, 0, 0, 1, -4.700001, -0.09999466, 30.200008)
operation = 2
size = Vector3(1.8000001, 12.7, 8.8)
material = SubResource("ORMMaterial3D_ig7tw")

[node name="CSGCylinder3D" type="CSGCylinder3D" parent="CSGCombiner3D/outsideWall"]
transform = Transform3D(-4.371139e-08, 1, 0, -1, -4.371139e-08, 0, 0, 0, 1, -2.0867176, 3.8146973e-06, 25.900005)
radius = 1.1
height = 7.2609377
sides = 32
material = SubResource("ORMMaterial3D_0xm2m")

[node name="CSGBox3D" type="CSGBox3D" parent="CSGCombiner3D/outsideWall"]
transform = Transform3D(1, 0, 0, 0, 1, 0, 0, 0, 1, 2.1, 0.099998474, 30.099998)
size = Vector3(1.2, 2.4, 11.2)
material = SubResource("ORMMaterial3D_h2yge")

[node name="CSGCylinder3D2" type="CSGCylinder3D" parent="CSGCombiner3D/outsideWall"]
transform = Transform3D(1.3113416e-07, -1, 0, 1, 1.3113416e-07, 0, 0, 0, 1, -1.9390571, 0.05625534, 34.400005)
radius = 1.1
height = 7.5218754
sides = 32
material = SubResource("ORMMaterial3D_1bvp3")

[node name="frontWall" type="CSGBox3D" parent="CSGCombiner3D"]
transform = Transform3D(-4.371139e-08, -1, 0, 1, -4.371139e-08, 0, 0, 0, 1, 34.646587, 5.4999995, -77.15)
use_collision = true
size = Vector3(10.7, 126.60885, 1.5)

[node name="backWall" type="CSGBox3D" parent="CSGCombiner3D"]
transform = Transform3D(1.3113416e-07, 1, 0, -1, 1.3113416e-07, 0, 0, 0, 1, 34.951008, 5.1010075, 10.991554)
use_collision = true
size = Vector3(11.2, 126.200005, 0.7831055)

[node name="CSGBox3D" type="CSGBox3D" parent="CSGCombiner3D/backWall"]
transform = Transform3D(1, 0, 0, 0, 1, 0, 0, 0, 1, 0.48385572, 5.362118, -0.0071411133)
operation = 2
size = Vector3(5.132965, 4.0061646, 2.9119024)

[node name="rightWall" type="CSGBox3D" parent="CSGCombiner3D"]
transform = Transform3D(1.6391276e-07, 0.9999999, 0, -0.9999999, 1.6391276e-07, 0, 0, 0, 1, 33.450005, 5.2999973, -33.260006)
use_collision = true
size = Vector3(10.900001, 0.5, 89.18001)

[node name="CSGBox3D6" type="CSGBox3D" parent="CSGCombiner3D/rightWall"]
transform = Transform3D(-4.3711395e-08, -1, 0, 1, -4.3711395e-08, 0, 0, 0, 1, 3.610942, 0.12812424, -26.199993)
operation = 2
size = Vector3(1.8000001, 12.7, 8.8)
material = SubResource("ORMMaterial3D_ig7tw")

[node name="CSGCylinder3D" type="CSGCylinder3D" parent="CSGCombiner3D/rightWall"]
transform = Transform3D(-4.3711395e-08, -1, 0, 1, -4.3711395e-08, 0, 0, 0, 1, 1.2456555, 0.028125763, -30.499996)
radius = 1.1
height = 7.7569337
sides = 32
material = SubResource("ORMMaterial3D_0xm2m")

[node name="CSGBox3D" type="CSGBox3D" parent="CSGCombiner3D/rightWall"]
transform = Transform3D(-1, 8.742278e-08, 0, -8.742278e-08, -1, 0, 0, 0, 1, -3.1890583, -0.07186508, -26.300003)
size = Vector3(1.2, 2.4, 11.2)
material = SubResource("ORMMaterial3D_lquwl")

[node name="CSGCylinder3D2" type="CSGCylinder3D" parent="CSGCombiner3D/rightWall"]
transform = Transform3D(-4.3712134e-08, 1, 0, -1, -4.3712134e-08, 0, 0, 0, 1, 1.1020484, -0.028125763, -21.999996)
radius = 1.1
height = 8.025976
sides = 32
material = SubResource("ORMMaterial3D_1bvp3")

[node name="backyrdWall" type="CSGBox3D" parent="CSGCombiner3D"]
transform = Transform3D(-1.4901161e-07, -0.99999994, 0, 0.99999994, -1.4901161e-07, 0, 0, 0, 1, 97.75001, 5.400004, -33.097816)
use_collision = true
size = Vector3(10.7, 0.6, 88.90437)

[node name="roof" type="CSGBox3D" parent="CSGCombiner3D"]
transform = Transform3D(-4.4099994, 0, 8.742278e-08, 0, 1, 0, -3.8553438e-07, 0, -1, 10.851504, 10.400001, -33.202198)
size = Vector3(17.800001, 1, 89.15145)

[node name="stage" type="CSGBox3D" parent="CSGCombiner3D"]
transform = Transform3D(0.74215806, 0, 0, 0, 1, 0, 0, 0, 1, 8.249832, 0.8471395, -67.37184)
size = Vector3(41.351376, 1.3317261, 18.103027)
material = SubResource("ORMMaterial3D_7mycd")

[node name="speaker1" type="CSGBox3D" parent="CSGCombiner3D/stage"]
transform = Transform3D(1, 0, 0, 0, 1, 0, 0, 0, 1, -13.734307, 1.7422874, 8.487705)
size = Vector3(1, 1.9975586, 1)
material = SubResource("ORMMaterial3D_272bh")

[node name="CSGCylinder3D" type="CSGCylinder3D" parent="CSGCombiner3D/stage/speaker1"]
transform = Transform3D(1, 0, 0, 0, 1, 0, 0, 0, 1, -0.47722846, 0.0031151772, 0.47831726)
radius = 0.068359375
height = 1.9682617
sides = 5
material = SubResource("ORMMaterial3D_5vw27")

[node name="CSGCylinder3D2" type="CSGCylinder3D" parent="CSGCombiner3D/stage/speaker1"]
transform = Transform3D(1, 0, 0, 0, 1, 0, 0, 0, 1, 0.45310092, -0.012080193, 0.50144196)
radius = 0.068359375
height = 1.9604492
sides = 5
material = SubResource("ORMMaterial3D_5vw27")

[node name="CSGCylinder3D3" type="CSGCylinder3D" parent="CSGCombiner3D/stage/speaker1"]
transform = Transform3D(-0.01400017, 0.9998435, 0.010815356, -0.99990106, -0.01401331, 0.0011411406, 0.0012925216, -0.010798309, 0.999941, 0.0037312713, 0.9348097, 0.46797943)
radius = 0.068359375
height = 1.0175171
sides = 5
material = SubResource("ORMMaterial3D_5vw27")

[node name="CSGCylinder3D4" type="CSGCylinder3D" parent="CSGCombiner3D/stage/speaker1"]
transform = Transform3D(-0.01400017, 0.9998435, 0.010815356, -0.99990106, -0.01401331, 0.0011411406, 0.0012925216, -0.010798309, 0.999941, 0.0037312713, -0.97275233, 0.46797943)
radius = 0.068359375
height = 1.0175171
sides = 5
material = SubResource("ORMMaterial3D_5vw27")

[node name="CSGCylinder3D5" type="CSGCylinder3D" parent="CSGCombiner3D/stage/speaker1"]
transform = Transform3D(1, 0, 0, 0, -0.032073643, -0.9994855, 0, 0.9994855, -0.032073643, 0, 0.6096864, 0.5012436)
radius = 0.265625
height = 0.04736328
sides = 16
material = SubResource("ORMMaterial3D_kek77")

[node name="CSGCylinder3D6" type="CSGCylinder3D" parent="CSGCombiner3D/stage/speaker1"]
transform = Transform3D(1, 0, 0, 0, -0.032073643, -0.9994855, 0, 0.9994855, -0.032073643, 0, -0.24357557, 0.5012436)
radius = 0.40429688
height = 0.04736328
sides = 16
material = SubResource("ORMMaterial3D_4c57u")

[node name="speaker2" type="CSGBox3D" parent="CSGCombiner3D/stage"]
transform = Transform3D(1, 0, 0, 0, 1, 0, 0, 0, 1, -12.7027445, 1.7422874, 8.487705)
size = Vector3(1, 1.9975586, 1)
material = SubResource("ORMMaterial3D_272bh")

[node name="CSGCylinder3D" type="CSGCylinder3D" parent="CSGCombiner3D/stage/speaker2"]
transform = Transform3D(1, 0, 0, 0, 1, 0, 0, 0, 1, -0.47722846, 0.0031151772, 0.47831726)
radius = 0.068359375
height = 1.9682617
sides = 5
material = SubResource("ORMMaterial3D_5vw27")

[node name="CSGCylinder3D2" type="CSGCylinder3D" parent="CSGCombiner3D/stage/speaker2"]
transform = Transform3D(1, 0, 0, 0, 1, 0, 0, 0, 1, 0.45310092, -0.012080193, 0.50144196)
radius = 0.068359375
height = 1.9604492
sides = 5
material = SubResource("ORMMaterial3D_5vw27")

[node name="CSGCylinder3D3" type="CSGCylinder3D" parent="CSGCombiner3D/stage/speaker2"]
transform = Transform3D(-0.01400017, 0.9998435, 0.010815356, -0.99990106, -0.01401331, 0.0011411406, 0.0012925216, -0.010798309, 0.999941, 0.0037312713, 0.9348097, 0.46797943)
radius = 0.068359375
height = 1.0175171
sides = 5
material = SubResource("ORMMaterial3D_5vw27")

[node name="CSGCylinder3D4" type="CSGCylinder3D" parent="CSGCombiner3D/stage/speaker2"]
transform = Transform3D(-0.01400017, 0.9998435, 0.010815356, -0.99990106, -0.01401331, 0.0011411406, 0.0012925216, -0.010798309, 0.999941, 0.0037312713, -0.97275233, 0.46797943)
radius = 0.068359375
height = 1.0175171
sides = 5
material = SubResource("ORMMaterial3D_5vw27")

[node name="CSGCylinder3D5" type="CSGCylinder3D" parent="CSGCombiner3D/stage/speaker2"]
transform = Transform3D(1, 0, 0, 0, -0.032073643, -0.9994855, 0, 0.9994855, -0.032073643, 0, 0.6096864, 0.5012436)
radius = 0.265625
height = 0.04736328
sides = 16
material = SubResource("ORMMaterial3D_kek77")

[node name="CSGCylinder3D6" type="CSGCylinder3D" parent="CSGCombiner3D/stage/speaker2"]
transform = Transform3D(1, 0, 0, 0, -0.032073643, -0.9994855, 0, 0.9994855, -0.032073643, 0, -0.24357557, 0.5012436)
radius = 0.40429688
height = 0.04736328
sides = 16
material = SubResource("ORMMaterial3D_4c57u")

[node name="speaker3" type="CSGBox3D" parent="CSGCombiner3D/stage"]
transform = Transform3D(1, 0, 0, 0, 1, 0, 0, 0, 1, -11.683488, 1.7422874, 8.487705)
size = Vector3(1, 1.9975586, 1)
material = SubResource("ORMMaterial3D_272bh")

[node name="CSGCylinder3D" type="CSGCylinder3D" parent="CSGCombiner3D/stage/speaker3"]
transform = Transform3D(1, 0, 0, 0, 1, 0, 0, 0, 1, -0.47722846, 0.0031151772, 0.47831726)
radius = 0.068359375
height = 1.9682617
sides = 5
material = SubResource("ORMMaterial3D_5vw27")

[node name="CSGCylinder3D2" type="CSGCylinder3D" parent="CSGCombiner3D/stage/speaker3"]
transform = Transform3D(1, 0, 0, 0, 1, 0, 0, 0, 1, 0.45310092, -0.012080193, 0.50144196)
radius = 0.068359375
height = 1.9604492
sides = 5
material = SubResource("ORMMaterial3D_5vw27")

[node name="CSGCylinder3D3" type="CSGCylinder3D" parent="CSGCombiner3D/stage/speaker3"]
transform = Transform3D(-0.01400017, 0.9998435, 0.010815356, -0.99990106, -0.01401331, 0.0011411406, 0.0012925216, -0.010798309, 0.999941, 0.0037312713, 0.9348097, 0.46797943)
radius = 0.068359375
height = 1.0175171
sides = 5
material = SubResource("ORMMaterial3D_5vw27")

[node name="CSGCylinder3D4" type="CSGCylinder3D" parent="CSGCombiner3D/stage/speaker3"]
transform = Transform3D(-0.01400017, 0.9998435, 0.010815356, -0.99990106, -0.01401331, 0.0011411406, 0.0012925216, -0.010798309, 0.999941, 0.0037312713, -0.97275233, 0.46797943)
radius = 0.068359375
height = 1.0175171
sides = 5
material = SubResource("ORMMaterial3D_5vw27")

[node name="CSGCylinder3D5" type="CSGCylinder3D" parent="CSGCombiner3D/stage/speaker3"]
transform = Transform3D(1, 0, 0, 0, -0.032073643, -0.9994855, 0, 0.9994855, -0.032073643, 0, 0.6096864, 0.5012436)
radius = 0.265625
height = 0.04736328
sides = 16
material = SubResource("ORMMaterial3D_kek77")

[node name="CSGCylinder3D6" type="CSGCylinder3D" parent="CSGCombiner3D/stage/speaker3"]
transform = Transform3D(1, 0, 0, 0, -0.032073643, -0.9994855, 0, 0.9994855, -0.032073643, 0, -0.24357557, 0.5012436)
radius = 0.40429688
height = 0.04736328
sides = 16
material = SubResource("ORMMaterial3D_4c57u")

[node name="speaker4" type="CSGBox3D" parent="CSGCombiner3D/stage"]
transform = Transform3D(1, 0, 0, 0, 1, 0, 0, 0, 1, -10.674668, 1.7422874, 8.487705)
size = Vector3(1, 1.9975586, 1)
material = SubResource("ORMMaterial3D_272bh")

[node name="CSGCylinder3D" type="CSGCylinder3D" parent="CSGCombiner3D/stage/speaker4"]
transform = Transform3D(1, 0, 0, 0, 1, 0, 0, 0, 1, -0.47722846, 0.0031151772, 0.47831726)
radius = 0.068359375
height = 1.9682617
sides = 5
material = SubResource("ORMMaterial3D_5vw27")

[node name="CSGCylinder3D2" type="CSGCylinder3D" parent="CSGCombiner3D/stage/speaker4"]
transform = Transform3D(1, 0, 0, 0, 1, 0, 0, 0, 1, 0.45310092, -0.012080193, 0.50144196)
radius = 0.068359375
height = 1.9604492
sides = 5
material = SubResource("ORMMaterial3D_5vw27")

[node name="CSGCylinder3D3" type="CSGCylinder3D" parent="CSGCombiner3D/stage/speaker4"]
transform = Transform3D(-0.01400017, 0.9998435, 0.010815356, -0.99990106, -0.01401331, 0.0011411406, 0.0012925216, -0.010798309, 0.999941, 0.0037312713, 0.9348097, 0.46797943)
radius = 0.068359375
height = 1.0175171
sides = 5
material = SubResource("ORMMaterial3D_5vw27")

[node name="CSGCylinder3D4" type="CSGCylinder3D" parent="CSGCombiner3D/stage/speaker4"]
transform = Transform3D(-0.01400017, 0.9998435, 0.010815356, -0.99990106, -0.01401331, 0.0011411406, 0.0012925216, -0.010798309, 0.999941, 0.0037312713, -0.97275233, 0.46797943)
radius = 0.068359375
height = 1.0175171
sides = 5
material = SubResource("ORMMaterial3D_5vw27")

[node name="CSGCylinder3D5" type="CSGCylinder3D" parent="CSGCombiner3D/stage/speaker4"]
transform = Transform3D(1, 0, 0, 0, -0.032073643, -0.9994855, 0, 0.9994855, -0.032073643, 0, 0.6096864, 0.5012436)
radius = 0.265625
height = 0.04736328
sides = 16
material = SubResource("ORMMaterial3D_kek77")

[node name="CSGCylinder3D6" type="CSGCylinder3D" parent="CSGCombiner3D/stage/speaker4"]
transform = Transform3D(1, 0, 0, 0, -0.032073643, -0.9994855, 0, 0.9994855, -0.032073643, 0, -0.24357557, 0.5012436)
radius = 0.40429688
height = 0.04736328
sides = 16
material = SubResource("ORMMaterial3D_4c57u")

[node name="speakerMid1" type="CSGBox3D" parent="CSGCombiner3D/stage"]
transform = Transform3D(1, 0, 0, 0, 1, 0, 0, 0, 1, -7.1675973, 1.7422874, 8.487705)
size = Vector3(4.3553467, 1.9975586, 1)
material = SubResource("ORMMaterial3D_272bh")

[node name="CSGCylinder3D" type="CSGCylinder3D" parent="CSGCombiner3D/stage/speakerMid1"]
transform = Transform3D(1, 0, 0, 0, 1, 0, 0, 0, 1, -2.117424, 0.0031151772, 0.47831726)
radius = 0.068359375
height = 1.9682617
sides = 5
material = SubResource("ORMMaterial3D_5vw27")

[node name="CSGCylinder3D3" type="CSGCylinder3D" parent="CSGCombiner3D/stage/speakerMid1"]
transform = Transform3D(-0.0012206975, 0.9999992, -0.00015968109, -0.9999985, -0.0012205057, 0.0011391911, 0.0011389959, 0.00016107132, 0.9999995, -0.0018939972, 0.9646175, 0.4679184)
radius = 0.068359375
height = 4.3375816
sides = 5
material = SubResource("ORMMaterial3D_5vw27")

[node name="CSGCylinder3D5" type="CSGCylinder3D" parent="CSGCombiner3D/stage/speakerMid1"]
transform = Transform3D(1, 0, 0, 0, -0.032073643, -0.9994855, 0, 0.9994855, -0.032073643, -0.7155466, 0.6096864, 0.5012436)
radius = 0.265625
height = 0.04736328
sides = 16
material = SubResource("ORMMaterial3D_kek77")

[node name="CSGCylinder3D6" type="CSGCylinder3D" parent="CSGCombiner3D/stage/speakerMid1"]
transform = Transform3D(1, 0, 0, 0, -0.032073643, -0.9994855, 0, 0.9994855, -0.032073643, -1.4949684, -0.24357557, 0.5012436)
radius = 0.40429688
height = 0.04736328
sides = 16
material = SubResource("ORMMaterial3D_4c57u")

[node name="CSGCylinder3D2" type="CSGCylinder3D" parent="CSGCombiner3D/stage/speakerMid1"]
transform = Transform3D(1, 0, 0, 0, 1, 0, 0, 0, 1, 2.133356, 0.0031151772, 0.47831726)
radius = 0.068359375
height = 1.9682617
sides = 5
material = SubResource("ORMMaterial3D_5vw27")

[node name="CSGCylinder3D4" type="CSGCylinder3D" parent="CSGCombiner3D/stage/speakerMid1"]
transform = Transform3D(-0.0012206975, 0.9999992, -0.00015968109, -0.9999985, -0.0012205057, 0.0011391911, 0.0011389959, 0.00016107132, 0.9999995, -0.0018939972, -0.96270967, 0.4679184)
radius = 0.068359375
height = 4.3375816
sides = 5
material = SubResource("ORMMaterial3D_5vw27")

[node name="CSGCylinder3D7" type="CSGCylinder3D" parent="CSGCombiner3D/stage/speakerMid1"]
transform = Transform3D(1, 0, 0, 0, -0.032073643, -0.9994855, 0, 0.9994855, -0.032073643, 0, -0.24357557, 0.5012436)
radius = 0.40429688
height = 0.04736328
sides = 16
material = SubResource("ORMMaterial3D_4c57u")

[node name="CSGCylinder3D8" type="CSGCylinder3D" parent="CSGCombiner3D/stage/speakerMid1"]
transform = Transform3D(1, 0, 0, 0, -0.032073643, -0.9994855, 0, 0.9994855, -0.032073643, 1.5258455, -0.24357557, 0.5012436)
radius = 0.40429688
height = 0.04736328
sides = 16
material = SubResource("ORMMaterial3D_4c57u")

[node name="CSGCylinder3D9" type="CSGCylinder3D" parent="CSGCombiner3D/stage/speakerMid1"]
transform = Transform3D(1, 0, 0, 0, -0.032073643, -0.9994855, 0, 0.9994855, -0.032073643, 0.75547695, 0.6096864, 0.5012436)
radius = 0.265625
height = 0.04736328
sides = 16
material = SubResource("ORMMaterial3D_kek77")

[node name="speakerMid2" type="CSGBox3D" parent="CSGCombiner3D/stage"]
transform = Transform3D(1, 0, 0, 0, 1, 0, 0, 0, 1, 10.196255, 1.7422874, 8.487705)
size = Vector3(4.3553467, 1.9975586, 1)
material = SubResource("ORMMaterial3D_272bh")

[node name="CSGCylinder3D" type="CSGCylinder3D" parent="CSGCombiner3D/stage/speakerMid2"]
transform = Transform3D(1, 0, 0, 0, 1, 0, 0, 0, 1, -2.117424, 0.0031151772, 0.47831726)
radius = 0.068359375
height = 1.9682617
sides = 5
material = SubResource("ORMMaterial3D_5vw27")

[node name="CSGCylinder3D3" type="CSGCylinder3D" parent="CSGCombiner3D/stage/speakerMid2"]
transform = Transform3D(-0.0012206975, 0.9999992, -0.00015968109, -0.9999985, -0.0012205057, 0.0011391911, 0.0011389959, 0.00016107132, 0.9999995, -0.0018939972, 0.9646175, 0.4679184)
radius = 0.068359375
height = 4.3375816
sides = 5
material = SubResource("ORMMaterial3D_5vw27")

[node name="CSGCylinder3D5" type="CSGCylinder3D" parent="CSGCombiner3D/stage/speakerMid2"]
transform = Transform3D(1, 0, 0, 0, -0.032073643, -0.9994855, 0, 0.9994855, -0.032073643, -0.7155466, 0.6096864, 0.5012436)
radius = 0.265625
height = 0.04736328
sides = 16
material = SubResource("ORMMaterial3D_kek77")

[node name="CSGCylinder3D6" type="CSGCylinder3D" parent="CSGCombiner3D/stage/speakerMid2"]
transform = Transform3D(1, 0, 0, 0, -0.032073643, -0.9994855, 0, 0.9994855, -0.032073643, -1.4949684, -0.24357557, 0.5012436)
radius = 0.40429688
height = 0.04736328
sides = 16
material = SubResource("ORMMaterial3D_4c57u")

[node name="CSGCylinder3D2" type="CSGCylinder3D" parent="CSGCombiner3D/stage/speakerMid2"]
transform = Transform3D(1, 0, 0, 0, 1, 0, 0, 0, 1, 2.133356, 0.0031151772, 0.47831726)
radius = 0.068359375
height = 1.9682617
sides = 5
material = SubResource("ORMMaterial3D_5vw27")

[node name="CSGCylinder3D4" type="CSGCylinder3D" parent="CSGCombiner3D/stage/speakerMid2"]
transform = Transform3D(-0.0012206975, 0.9999992, -0.00015968109, -0.9999985, -0.0012205057, 0.0011391911, 0.0011389959, 0.00016107132, 0.9999995, -0.0018939972, -0.96270967, 0.4679184)
radius = 0.068359375
height = 4.3375816
sides = 5
material = SubResource("ORMMaterial3D_5vw27")

[node name="CSGCylinder3D7" type="CSGCylinder3D" parent="CSGCombiner3D/stage/speakerMid2"]
transform = Transform3D(1, 0, 0, 0, -0.032073643, -0.9994855, 0, 0.9994855, -0.032073643, 0, -0.24357557, 0.5012436)
radius = 0.40429688
height = 0.04736328
sides = 16
material = SubResource("ORMMaterial3D_4c57u")

[node name="CSGCylinder3D8" type="CSGCylinder3D" parent="CSGCombiner3D/stage/speakerMid2"]
transform = Transform3D(1, 0, 0, 0, -0.032073643, -0.9994855, 0, 0.9994855, -0.032073643, 1.5258455, -0.24357557, 0.5012436)
radius = 0.40429688
height = 0.04736328
sides = 16
material = SubResource("ORMMaterial3D_4c57u")

[node name="CSGCylinder3D9" type="CSGCylinder3D" parent="CSGCombiner3D/stage/speakerMid2"]
transform = Transform3D(1, 0, 0, 0, -0.032073643, -0.9994855, 0, 0.9994855, -0.032073643, 0.75547695, 0.6096864, 0.5012436)
radius = 0.265625
height = 0.04736328
sides = 16
material = SubResource("ORMMaterial3D_kek77")

[node name="speaker10" type="CSGBox3D" parent="CSGCombiner3D/stage"]
transform = Transform3D(1, 0, 0, 0, 1, 0, 0, 0, 1, 13.557, 1.7422874, 8.487705)
size = Vector3(1, 1.9975586, 1)
material = SubResource("ORMMaterial3D_272bh")

[node name="CSGCylinder3D" type="CSGCylinder3D" parent="CSGCombiner3D/stage/speaker10"]
transform = Transform3D(1, 0, 0, 0, 1, 0, 0, 0, 1, -0.47722846, 0.0031151772, 0.47831726)
radius = 0.068359375
height = 1.9682617
sides = 5
material = SubResource("ORMMaterial3D_5vw27")

[node name="CSGCylinder3D2" type="CSGCylinder3D" parent="CSGCombiner3D/stage/speaker10"]
transform = Transform3D(1, 0, 0, 0, 1, 0, 0, 0, 1, 0.45310092, -0.012080193, 0.50144196)
radius = 0.068359375
height = 1.9604492
sides = 5
material = SubResource("ORMMaterial3D_5vw27")

[node name="CSGCylinder3D3" type="CSGCylinder3D" parent="CSGCombiner3D/stage/speaker10"]
transform = Transform3D(-0.01400017, 0.9998435, 0.010815356, -0.99990106, -0.01401331, 0.0011411406, 0.0012925216, -0.010798309, 0.999941, 0.0037312713, 0.9348097, 0.46797943)
radius = 0.068359375
height = 1.0175171
sides = 5
material = SubResource("ORMMaterial3D_5vw27")

[node name="CSGCylinder3D4" type="CSGCylinder3D" parent="CSGCombiner3D/stage/speaker10"]
transform = Transform3D(-0.01400017, 0.9998435, 0.010815356, -0.99990106, -0.01401331, 0.0011411406, 0.0012925216, -0.010798309, 0.999941, 0.0037312713, -0.97275233, 0.46797943)
radius = 0.068359375
height = 1.0175171
sides = 5
material = SubResource("ORMMaterial3D_5vw27")

[node name="CSGCylinder3D5" type="CSGCylinder3D" parent="CSGCombiner3D/stage/speaker10"]
transform = Transform3D(1, 0, 0, 0, -0.032073643, -0.9994855, 0, 0.9994855, -0.032073643, 0, 0.6096864, 0.5012436)
radius = 0.265625
height = 0.04736328
sides = 16
material = SubResource("ORMMaterial3D_kek77")

[node name="CSGCylinder3D6" type="CSGCylinder3D" parent="CSGCombiner3D/stage/speaker10"]
transform = Transform3D(1, 0, 0, 0, -0.032073643, -0.9994855, 0, 0.9994855, -0.032073643, 0, -0.24357557, 0.5012436)
radius = 0.40429688
height = 0.04736328
sides = 16
material = SubResource("ORMMaterial3D_4c57u")

[node name="speaker11" type="CSGBox3D" parent="CSGCombiner3D/stage"]
transform = Transform3D(1, 0, 0, 0, 1, 0, 0, 0, 1, 14.588563, 1.7422874, 8.487705)
size = Vector3(1, 1.9975586, 1)
material = SubResource("ORMMaterial3D_272bh")

[node name="CSGCylinder3D" type="CSGCylinder3D" parent="CSGCombiner3D/stage/speaker11"]
transform = Transform3D(1, 0, 0, 0, 1, 0, 0, 0, 1, -0.47722846, 0.0031151772, 0.47831726)
radius = 0.068359375
height = 1.9682617
sides = 5
material = SubResource("ORMMaterial3D_5vw27")

[node name="CSGCylinder3D2" type="CSGCylinder3D" parent="CSGCombiner3D/stage/speaker11"]
transform = Transform3D(1, 0, 0, 0, 1, 0, 0, 0, 1, 0.45310092, -0.012080193, 0.50144196)
radius = 0.068359375
height = 1.9604492
sides = 5
material = SubResource("ORMMaterial3D_5vw27")

[node name="CSGCylinder3D3" type="CSGCylinder3D" parent="CSGCombiner3D/stage/speaker11"]
transform = Transform3D(-0.01400017, 0.9998435, 0.010815356, -0.99990106, -0.01401331, 0.0011411406, 0.0012925216, -0.010798309, 0.999941, 0.0037312713, 0.9348097, 0.46797943)
radius = 0.068359375
height = 1.0175171
sides = 5
material = SubResource("ORMMaterial3D_5vw27")

[node name="CSGCylinder3D4" type="CSGCylinder3D" parent="CSGCombiner3D/stage/speaker11"]
transform = Transform3D(-0.01400017, 0.9998435, 0.010815356, -0.99990106, -0.01401331, 0.0011411406, 0.0012925216, -0.010798309, 0.999941, 0.0037312713, -0.97275233, 0.46797943)
radius = 0.068359375
height = 1.0175171
sides = 5
material = SubResource("ORMMaterial3D_5vw27")

[node name="CSGCylinder3D5" type="CSGCylinder3D" parent="CSGCombiner3D/stage/speaker11"]
transform = Transform3D(1, 0, 0, 0, -0.032073643, -0.9994855, 0, 0.9994855, -0.032073643, 0, 0.6096864, 0.5012436)
radius = 0.265625
height = 0.04736328
sides = 16
material = SubResource("ORMMaterial3D_kek77")

[node name="CSGCylinder3D6" type="CSGCylinder3D" parent="CSGCombiner3D/stage/speaker11"]
transform = Transform3D(1, 0, 0, 0, -0.032073643, -0.9994855, 0, 0.9994855, -0.032073643, 0, -0.24357557, 0.5012436)
radius = 0.40429688
height = 0.04736328
sides = 16
material = SubResource("ORMMaterial3D_4c57u")

[node name="speaker12" type="CSGBox3D" parent="CSGCombiner3D/stage"]
transform = Transform3D(1, 0, 0, 0, 1, 0, 0, 0, 1, 15.60782, 1.7422874, 8.487705)
size = Vector3(1, 1.9975586, 1)
material = SubResource("ORMMaterial3D_272bh")

[node name="CSGCylinder3D" type="CSGCylinder3D" parent="CSGCombiner3D/stage/speaker12"]
transform = Transform3D(1, 0, 0, 0, 1, 0, 0, 0, 1, -0.47722846, 0.0031151772, 0.47831726)
radius = 0.068359375
height = 1.9682617
sides = 5
material = SubResource("ORMMaterial3D_5vw27")

[node name="CSGCylinder3D2" type="CSGCylinder3D" parent="CSGCombiner3D/stage/speaker12"]
transform = Transform3D(1, 0, 0, 0, 1, 0, 0, 0, 1, 0.45310092, -0.012080193, 0.50144196)
radius = 0.068359375
height = 1.9604492
sides = 5
material = SubResource("ORMMaterial3D_5vw27")

[node name="CSGCylinder3D3" type="CSGCylinder3D" parent="CSGCombiner3D/stage/speaker12"]
transform = Transform3D(-0.01400017, 0.9998435, 0.010815356, -0.99990106, -0.01401331, 0.0011411406, 0.0012925216, -0.010798309, 0.999941, 0.0037312713, 0.9348097, 0.46797943)
radius = 0.068359375
height = 1.0175171
sides = 5
material = SubResource("ORMMaterial3D_5vw27")

[node name="CSGCylinder3D4" type="CSGCylinder3D" parent="CSGCombiner3D/stage/speaker12"]
transform = Transform3D(-0.01400017, 0.9998435, 0.010815356, -0.99990106, -0.01401331, 0.0011411406, 0.0012925216, -0.010798309, 0.999941, 0.0037312713, -0.97275233, 0.46797943)
radius = 0.068359375
height = 1.0175171
sides = 5
material = SubResource("ORMMaterial3D_5vw27")

[node name="CSGCylinder3D5" type="CSGCylinder3D" parent="CSGCombiner3D/stage/speaker12"]
transform = Transform3D(1, 0, 0, 0, -0.032073643, -0.9994855, 0, 0.9994855, -0.032073643, 0, 0.6096864, 0.5012436)
radius = 0.265625
height = 0.04736328
sides = 16
material = SubResource("ORMMaterial3D_kek77")

[node name="CSGCylinder3D6" type="CSGCylinder3D" parent="CSGCombiner3D/stage/speaker12"]
transform = Transform3D(1, 0, 0, 0, -0.032073643, -0.9994855, 0, 0.9994855, -0.032073643, 0, -0.24357557, 0.5012436)
radius = 0.40429688
height = 0.04736328
sides = 16
material = SubResource("ORMMaterial3D_4c57u")

[node name="speaker13" type="CSGBox3D" parent="CSGCombiner3D/stage"]
transform = Transform3D(1, 0, 0, 0, 1, 0, 0, 0, 1, 16.616638, 1.7422874, 8.487705)
size = Vector3(1, 1.9975586, 1)
material = SubResource("ORMMaterial3D_272bh")

[node name="CSGCylinder3D" type="CSGCylinder3D" parent="CSGCombiner3D/stage/speaker13"]
transform = Transform3D(1, 0, 0, 0, 1, 0, 0, 0, 1, -0.47722846, 0.0031151772, 0.47831726)
radius = 0.068359375
height = 1.9682617
sides = 5
material = SubResource("ORMMaterial3D_5vw27")

[node name="CSGCylinder3D2" type="CSGCylinder3D" parent="CSGCombiner3D/stage/speaker13"]
transform = Transform3D(1, 0, 0, 0, 1, 0, 0, 0, 1, 0.45310092, -0.012080193, 0.50144196)
radius = 0.068359375
height = 1.9604492
sides = 5
material = SubResource("ORMMaterial3D_5vw27")

[node name="CSGCylinder3D3" type="CSGCylinder3D" parent="CSGCombiner3D/stage/speaker13"]
transform = Transform3D(-0.01400017, 0.9998435, 0.010815356, -0.99990106, -0.01401331, 0.0011411406, 0.0012925216, -0.010798309, 0.999941, 0.0037312713, 0.9348097, 0.46797943)
radius = 0.068359375
height = 1.0175171
sides = 5
material = SubResource("ORMMaterial3D_5vw27")

[node name="CSGCylinder3D4" type="CSGCylinder3D" parent="CSGCombiner3D/stage/speaker13"]
transform = Transform3D(-0.01400017, 0.9998435, 0.010815356, -0.99990106, -0.01401331, 0.0011411406, 0.0012925216, -0.010798309, 0.999941, 0.0037312713, -0.97275233, 0.46797943)
radius = 0.068359375
height = 1.0175171
sides = 5
material = SubResource("ORMMaterial3D_5vw27")

[node name="CSGCylinder3D5" type="CSGCylinder3D" parent="CSGCombiner3D/stage/speaker13"]
transform = Transform3D(1, 0, 0, 0, -0.032073643, -0.9994855, 0, 0.9994855, -0.032073643, 0, 0.6096864, 0.5012436)
radius = 0.265625
height = 0.04736328
sides = 16
material = SubResource("ORMMaterial3D_kek77")

[node name="CSGCylinder3D6" type="CSGCylinder3D" parent="CSGCombiner3D/stage/speaker13"]
transform = Transform3D(1, 0, 0, 0, -0.032073643, -0.9994855, 0, 0.9994855, -0.032073643, 0, -0.24357557, 0.5012436)
radius = 0.40429688
height = 0.04736328
sides = 16
material = SubResource("ORMMaterial3D_4c57u")

[node name="lightStage1" type="CSGPolygon3D" parent="CSGCombiner3D/stage"]
transform = Transform3D(0.0341494, 0, 0.99941677, 0, 1, 0, -0.99941677, 0, 0.0341494, -2.9366302, 0.64309335, 8.140167)
polygon = PackedVector2Array(0, 0, 0.20267802, 0.6936374, 1, 0)
depth = 0.91
material = SubResource("ORMMaterial3D_efxa6")

[node name="CSGPolygon3D" type="CSGPolygon3D" parent="CSGCombiner3D/stage/lightStage1"]
transform = Transform3D(0.98575336, -0.16819692, 3.7252903e-09, 0.16819692, 0.9857534, 0, 3.7252903e-09, 9.313226e-10, 0.9999998, 0.38573456, 0, -0.15869045)
operation = 2
calculate_tangents = false
polygon = PackedVector2Array(-0.110569, 0.12194872, 0.07360411, 0.5496917, 0.581414, 0.40835857, 0.52194405, -0.043427944)
depth = 0.63

[node name="CSGSphere3D" type="CSGSphere3D" parent="CSGCombiner3D/stage/lightStage1"]
transform = Transform3D(1, 0, 0, 0, 1, 0, 0, 0, 1, 0.40490723, 0.09819019, -0.4804945)
radius = 0.27649808
material = SubResource("ORMMaterial3D_dg77c")

[node name="OmniLight3D" type="OmniLight3D" parent="CSGCombiner3D/stage/lightStage1"]
transform = Transform3D(1.000262, 0, 0.020662751, 0, 1, 0, 0, 0, 1.3470688, 0.6258049, 0.40374017, -0.38901043)
light_color = Color(0.91, 0.71283334, 0, 1)
light_energy = 5.948
light_indirect_energy = 2.07
light_volumetric_fog_energy = 9.907
shadow_enabled = true

[node name="lightStage2" type="CSGPolygon3D" parent="CSGCombiner3D/stage"]
transform = Transform3D(0.4152332, 0, 0.90971524, 0, 1, 0, -0.90971506, 0, 0.4152331, -1.0604368, 0.6332766, 8.409088)
polygon = PackedVector2Array(0, 0, 0.20267802, 0.6936374, 1, 0)
depth = 0.91
material = SubResource("ORMMaterial3D_efxa6")

[node name="CSGPolygon3D" type="CSGPolygon3D" parent="CSGCombiner3D/stage/lightStage2"]
transform = Transform3D(0.98575336, -0.1681969, 3.7252903e-09, 0.16819692, 0.9857534, 0, 3.7252903e-09, 0, 0.99999994, 0.38573456, 0, -0.15868998)
operation = 2
calculate_tangents = false
polygon = PackedVector2Array(-0.110569, 0.12194872, 0.07360411, 0.5496917, 0.581414, 0.40835857, 0.52194405, -0.043427944)
depth = 0.63

[node name="CSGSphere3D" type="CSGSphere3D" parent="CSGCombiner3D/stage/lightStage2"]
transform = Transform3D(0.95727915, 0, 0.28916538, 0, 1, 0, -0.2891654, 0, 0.9572791, 0.40490723, 0.09819019, -0.48049545)
radius = 0.27649808
material = SubResource("ORMMaterial3D_dg77c")

[node name="OmniLight3D" type="OmniLight3D" parent="CSGCombiner3D/stage/lightStage2"]
transform = Transform3D(1.000262, 0, 0.020662751, 0, 1, 0, 0, 0, 1.3470688, 0.6258049, 0.40374017, -0.38901043)
light_color = Color(0.91, 0.71283334, 0, 1)
light_energy = 5.948
light_indirect_energy = 2.07
light_volumetric_fog_energy = 9.907
shadow_enabled = true

[node name="lightStage3" type="CSGPolygon3D" parent="CSGCombiner3D/stage"]
transform = Transform3D(0.0341494, 0, 0.99941677, 0, 1, 0, -0.99941677, 0, 0.0341494, 7.0501776, 0.64536643, 8.409088)
polygon = PackedVector2Array(0, 0, 0.20267802, 0.6936374, 1, 0)
depth = 0.91
material = SubResource("ORMMaterial3D_efxa6")

[node name="CSGPolygon3D" type="CSGPolygon3D" parent="CSGCombiner3D/stage/lightStage3"]
transform = Transform3D(0.98575336, -0.1681969, 3.7252903e-09, 0.16819692, 0.9857534, 0, 3.7252903e-09, 0, 0.99999994, 0.38573456, 0, -0.15868998)
operation = 2
calculate_tangents = false
polygon = PackedVector2Array(-0.110569, 0.12194872, 0.07360411, 0.5496917, 0.581414, 0.40835857, 0.52194405, -0.043427944)
depth = 0.63

[node name="CSGSphere3D" type="CSGSphere3D" parent="CSGCombiner3D/stage/lightStage3"]
transform = Transform3D(1, 0, 0, 0, 1, 0, 0, 0, 1, 0.40490723, 0.09819019, -0.4804945)
radius = 0.27649808
material = SubResource("ORMMaterial3D_dg77c")

[node name="OmniLight3D" type="OmniLight3D" parent="CSGCombiner3D/stage/lightStage3"]
transform = Transform3D(1.000262, 0, 0.020662751, 0, 1, 0, 0, 0, 1.3470688, 0.6258049, 0.40374017, -0.38901043)
light_color = Color(0.91, 0.71283334, 0, 1)
light_energy = 5.948
light_indirect_energy = 2.07
light_volumetric_fog_energy = 9.907
shadow_enabled = true

[node name="lightStage4" type="CSGPolygon3D" parent="CSGCombiner3D/stage"]
transform = Transform3D(-0.74182373, 0, 0.67059493, 0, 1, 0, -0.6705949, 0, -0.7418237, 4.553212, 0.6229043, 7.7241707)
polygon = PackedVector2Array(0, 0, 0.20267802, 0.6936374, 1, 0)
depth = 0.91
material = SubResource("ORMMaterial3D_efxa6")

[node name="CSGPolygon3D" type="CSGPolygon3D" parent="CSGCombiner3D/stage/lightStage4"]
transform = Transform3D(0.98575336, -0.1681969, 3.7252903e-09, 0.16819692, 0.9857534, 0, 3.7252903e-09, 0, 0.99999994, 0.38573456, 0, -0.15868998)
operation = 2
calculate_tangents = false
polygon = PackedVector2Array(-0.110569, 0.12194872, 0.07360411, 0.5496917, 0.581414, 0.40835857, 0.52194405, -0.043427944)
depth = 0.63

[node name="CSGSphere3D" type="CSGSphere3D" parent="CSGCombiner3D/stage/lightStage4"]
transform = Transform3D(1, 0, 0, 0, 1, 0, 0, 0, 1, 0.40490723, 0.09819019, -0.4804945)
radius = 0.27649808
material = SubResource("ORMMaterial3D_dg77c")

[node name="OmniLight3D" type="OmniLight3D" parent="CSGCombiner3D/stage/lightStage4"]
transform = Transform3D(1.000262, 0, 0.020662751, 0, 1, 0, 0, 0, 1.3470688, 0.6258049, 0.40374017, -0.38901043)
light_color = Color(0.91, 0.71283334, 0, 1)
light_energy = 5.948
light_indirect_energy = 2.07
light_volumetric_fog_energy = 9.907
shadow_enabled = true

[node name="AudioStreamPlayer" type="AudioStreamPlayer" parent="."]
script = ExtResource("2_yblv8")

[node name="warehouse" type="CSGBox3D" parent="."]
transform = Transform3D(1, 0, 0, 0, 1, 0, 0, 0, 1, -22.59403, 4.6664934, -72.07126)
use_collision = true
size = Vector3(13.436523, 9.773499, 16.693604)

[node name="CSGBox3D" type="CSGBox3D" parent="warehouse"]
transform = Transform3D(1, 0, 0, 0, 1, 0, 0, 0, 1, -0.2378807, -0.27882385, -0.08353424)
operation = 2
size = Vector3(12.631767, 9.614532, 15.095779)

[node name="CSGBox3D2" type="CSGBox3D" parent="warehouse"]
transform = Transform3D(1, 0, 0, 0, 1, 0, 0, 0, 1, 6.1832714, -2.784871, -0.6373291)
operation = 2
size = Vector3(3.0151367, 4.2194824, 2.7040138)

[node name="AssaultRifle_02" parent="." instance=ExtResource("3_3x45c")]
transform = Transform3D(1, 0, 0, 0, 1, 0, 0, 0, 1, 31.82779, 4.107921, -22.644335)

[node name="AssaultRifle_01" parent="." instance=ExtResource("4_ihmcd")]
transform = Transform3D(-0.0031416267, 0, 0.9999951, 0, 1, 0, -0.9999951, 0, -0.0031416267, 39.842422, 4.555953, -79.65001)

[node name="Shotgun_012" parent="." instance=ExtResource("5_nd44g")]
transform = Transform3D(-0.012565985, 0, 0.99992114, 0, 1, 0, -0.99992114, 0, -0.012565985, 48.245617, 4.0496297, 2.769871)

[node name="SubmachineGun_02" parent="." instance=ExtResource("6_1h140")]
transform = Transform3D(1, 0, 0, 0, 1, 0, 0, 0, 1, 95.97937, 4.177744, -75.429085)

[node name="AssaultRifleAmmo_Box2" parent="." instance=ExtResource("7_7tuds")]
transform = Transform3D(0.05184788, 0, -0.998655, 0, 1, 0, 0.998655, 0, 0.05184788, -6.946738, 2.9115295, -63.185066)
